1000 100
12087.638 2 5 9 48 54 121 159 211 233 260 272 277 318 339 360 384 396 398 399 414 491 498 512 542 555 562 597 599 601 602 611 674 688 721 729 799 802 821 895 909 958 986
9139.557 29 42 55 71 90 130 137 168 192 260 340 352 363 446 493 504 549 567 585 624 644 676 698 723 770 834 846 858 865 940 945 966 993
22712.001 10 14 15 19 23 28 43 52 53 64 68 78 85 93 97 106 120 122 130 133 149 170 214 223 250 272 276 281 282 299 307 315 321 334 338 343 385 387 405 408 436 447 449 482 490 503 522 529 537 541 547 548 552 562 580 584 593 619 624 626 638 639 654 657 658 699 723 791 799 836 854 859 882 883 888 933 936 949 951 961 979 983 990
34032.309 7 10 25 41 43 52 72 77 80 88 109 115 122 132 137 145 150 154 158 163 164 171 177 179 205 210 221 228 229 238 239 246 249 260 274 277 285 290 314 316 318 335 337 341 357 360 368 388 394 398 410 415 427 430 440 462 463 465 476 481 484 485 490 499 502 508 509 511 521 526 530 542 547 551 555 568 572 575 605 614 615 623 624 636 650 655 657 673 676 689 693 725 735 747 750 759 766 777 788 801 802 807 836 851 862 873 875 881 892 909 911 924 930 954 957 964 967 972 975 977 985
19609.869 13 16 18 25 27 29 43 58 59 64 87 89 98 104 110 114 120 123 126 140 142 144 152 155 159 162 178 182 192 200 227 252 276 282 307 313 320 322 326 334 356 371 373 375 379 392 403 412 414 420 427 445 473 477 492 507 510 535 539 555 581 584 590 597 603 606 625 626 650 651 653 693 714 728 731 760 768 783 795 814 818 834 837 845 868 886 899 900 902 926 951 959 963 994
48986.683 2 5 8 13 21 23 26 27 32 45 47 64 65 71 78 81 84 85 95 96 112 118 120 122 131 132 135 149 150 154 164 178 182 206 209 220 234 238 243 254 255 258 268 270 272 273 281 282 294 299 301 302 305 321 326 328 334 338 359 365 369 384 387 390 392 394 416 418 440 441 449 450 456 457 461 471 473 475 482 499 503 504 505 509 518 526 531 538 543 553 559 568 575 577 579 581 587 588 597 599 600 602 603 608 610 614 624 625 628 632 636 638 639 646 655 669 671 673 679 680 681 683 692 707 710 730 736 737 757 761 765 778 781 785 786 794 803 811 812 813 814 817 822 826 827 829 834 836 838 842 845 851 858 862 868 873 878 880 887 891 893 896 904 905 909 912 916 919 928 929 933 935 945 948 958 964 966 967 968 973 982 985 987 995 996
27807.349 6 10 13 43 53 67 102 113 116 119 131 139 143 148 171 189 190 219 222 225 241 263 275 279 295 310 318 355 359 360 361 365 378 387 410 428 446 462 477 478 487 503 504 521 565 567 572 595 601 603 604 618 619 627 639 649 654 655 667 680 695 706 719 722 737 749 761 767 775 779 801 806 814 815 819 858 863 869 883 891 896 901 902 934 940 944 946 952 959 965 970 977 991 996
11412.147 19 103 115 160 177 194 201 202 208 220 232 238 271 319 321 331 336 360 377 401 435 436 477 547 553 556 585 596 648 653 700 814 854 857 859 867 877 906 910 912 935 969 980 984
37155.166 3 4 16 25 28 29 40 42 47 48 52 54 56 70 71 78 85 89 91 95 105 108 125 129 132 156 163 174 175 179 182 183 185 189 192 199 201 202 212 218 219 220 221 222 223 225 230 231 232 254 260 276 280 289 296 297 300 305 306 312 315 326 334 362 363 364 369 373 378 393 395 409 412 415 425 427 435 439 449 450 479 488 489 491 492 498 499 501 504 506 507 517 520 525 526 527 546 558 562 563 564 572 573 576 580 601 615 617 618 634 639 659 680 687 693 695 698 703 705 706 721 723 732 754 759 760 763 780 783 784 791 799 803 810 812 822 828 854 856 857 858 863 868 871 874 875 876 877 878 887 897 900 905 913 914 923 932 934 938 946 948 960 963 967 978 979 989 990
38923.340 2 15 22 26 47 54 60 65 68 70 83 84 85 87 93 104 108 109 112 116 138 142 146 164 172 173 185 190 194 197 199 211 225 228 231 267 277 281 283 287 295 305 306 325 327 332 333 348 353 359 361 371 397 409 414 420 441 448 454 460 468 470 483 484 485 488 490 514 527 529 535 548 561 568 569 573 576 580 584 591 596 603 606 627 628 635 638 641 643 651 652 659 667 672 676 677 679 684 685 688 693 719 722 724 732 734 753 757 763 766 777 789 790 791 804 808 811 817 820 830 835 836 838 839 851 861 863 867 876 878 881 886 888 889 892 894 895 903 922 926 937 951 969 974 975 992 995 996
43943.380 1 16 26 30 32 33 39 42 43 51 57 60 65 66 67 73 79 85 89 93 94 96 98 107 109 111 115 123 132 141 143 150 151 154 159 173 180 181 188 193 194 202 209 212 214 215 228 233 235 247 250 268 273 278 279 280 281 285 291 296 297 299 303 318 328 329 332 346 350 352 354 363 367 374 383 386 388 389 409 415 417 419 421 423 424 428 432 434 435 445 458 464 466 471 478 482 496 526 527 529 546 548 558 563 582 583 590 600 602 609 617 622 625 627 639 643 652 668 669 681 684 686 687 712 715 721 722 725 736 746 752 753 760 762 763 768 775 777 782 784 786 795 797 803 814 820 831 832 833 835 837 838 844 858 868 875 878 885 887 891 904 912 917 920 922 927 928 929 935 946 964 967 971 979 980 985 992
18506.049 2 13 24 26 47 56 59 71 74 82 95 102 103 123 151 157 159 188 208 220 223 228 229 231 284 292 301 302 326 332 348 370 373 390 401 429 432 446 451 462 473 522 526 545 559 566 576 579 586 593 596 606 633 638 639 658 726 745 748 777 785 789 791 798 807 808 824 841 881 888 894 974 975
42807.663 6 10 13 16 33 35 37 49 55 61 64 65 78 82 85 88 101 102 106 107 111 115 122 126 127 133 138 141 145 146 161 177 186 192 222 228 231 236 241 246 249 253 255 256 270 276 280 294 298 305 308 322 331 336 337 340 343 347 348 355 361 366 369 376 377 378 391 397 398 404 407 416 437 449 455 458 459 464 489 512 517 518 523 529 533 540 549 555 566 583 595 601 611 614 622 627 632 642 644 652 668 671 681 687 688 690 713 719 722 727 733 755 764 769 770 785 788 800 802 811 814 822 823 825 828 839 847 851 865 870 874 884 887 891 893 895 897 902 904 906 913 920 935 936 937 952 956 963 970 972 978 980 987 991 1000
5691.629 17 50 112 251 263 288 289 304 351 382 416 421 448 473 524 535 642 683 686 699 741 747 766 789 897 942 964 986 994
6400.036 22 38 54 171 228 238 326 334 354 468 475 501 515 616 688 701 705 770 873 882 913 932 948 965
48299.230 16 25 28 31 33 38 40 42 46 48 51 56 62 71 74 85 88 98 103 109 110 116 120 131 140 143 145 148 155 158 161 178 185 186 198 200 204 230 233 244 248 261 264 278 282 283 286 294 297 314 316 317 322 323 329 330 331 344 345 352 355 371 374 378 381 382 385 393 396 398 404 405 414 416 421 429 438 440 448 449 455 457 460 462 470 475 503 507 510 512 515 517 519 520 526 528 538 542 550 552 561 562 564 565 566 569 576 583 585 592 597 607 610 639 640 641 657 661 663 667 668 680 684 688 694 713 720 730 732 737 749 759 760 761 762 763 778 779 787 805 827 830 840 850 856 858 859 861 864 868 875 881 884 885 886 887 894 899 909 942 943 945 951 956 960 964 971 974 977 980 983 985 987 989
8990.437 3 126 153 162 165 172 224 255 258 275 289 377 430 462 519 529 575 591 594 654 659 724 726 730 733 771 795 915 926 929 976 984 987
14752.455 6 10 14 46 56 65 76 89 103 121 127 136 142 161 244 265 267 275 278 295 332 390 398 401 407 456 459 471 494 517 519 543 589 638 656 668 669 673 790 801 810 815 820 844 863 869 877 906 924 925 936 940 970 975 999
44232.445 8 11 70 73 77 79 86 91 92 100 112 118 122 125 128 132 148 150 154 158 159 160 171 173 174 175 177 188 196 199 200 206 215 223 229 231 236 241 243 244 247 249 256 272 273 278 292 312 316 324 341 343 344 355 362 363 365 373 376 377 384 389 397 399 400 410 423 432 433 435 439 440 442 453 475 478 487 489 494 497 501 505 509 528 531 555 557 559 564 566 568 570 574 578 581 586 592 615 619 622 623 629 639 645 654 663 673 687 691 694 696 700 701 702 723 729 733 735 740 749 752 774 776 777 778 782 783 785 793 797 809 816 823 824 825 826 864 868 870 874 879 887 892 893 900 907 909 933 939 942 945 951 959 965 978 983 994 995
24651.493 7 13 39 40 42 45 54 63 73 75 77 102 104 111 127 164 166 178 188 197 204 220 223 224 231 238 243 259 268 269 271 283 287 290 293 300 310 323 324 331 342 355 370 391 398 399 401 410 446 451 464 474 478 485 487 493 497 503 523 536 550 562 585 653 656 664 676 677 702 706 714 716 740 774 776 781 795 809 812 848 851 857 888 891 893 902 930 934 942 947 962 964 965 972 980 982 992
47322.651 2 3 6 16 19 23 32 37 40 51 58 74 78 80 82 99 115 122 132 133 137 144 145 146 169 170 174 179 180 182 186 187 204 208 210 212 213 214 217 221 223 225 230 231 232 241 246 247 256 259 261 265 266 272 274 276 283 284 286 288 291 297 303 304 307 321 323 324 337 338 344 347 350 358 362 366 372 373 378 381 389 394 396 402 405 414 415 416 417 419 428 429 431 442 445 446 462 464 471 492 496 501 512 515 519 527 530 533 534 535 537 538 539 542 557 565 566 578 584 589 593 595 597 601 613 616 627 628 630 649 654 655 657 672 674 675 679 683 694 699 704 711 713 714 715 736 740 741 751 769 770 772 780 785 788 796 797 798 800 805 808 817 821 830 837 840 850 851 878 899 909 912 917 920 925 943 944 955 957 960 964 973 976 990 994
8076.821 50 52 64 78 161 210 239 260 340 348 366 368 496 531 538 599 621 801 835 840 860 871 899 958 964 969 982
36409.850 36 39 40 44 47 51 54 62 66 76 84 85 89 92 96 103 105 110 113 114 122 130 131 146 149 157 158 166 170 179 186 188 189 209 214 217 218 219 224 245 247 248 266 267 290 294 300 302 314 317 344 345 351 355 362 372 373 380 383 400 414 417 429 438 442 443 444 447 459 462 463 468 472 485 489 490 497 501 504 507 514 520 526 535 550 556 570 573 582 583 591 597 601 603 604 607 609 616 617 622 632 636 637 648 664 669 670 698 706 709 714 717 727 730 745 746 747 760 764 766 773 774 789 790 791 802 813 818 819 844 845 846 850 854 857 877 894 900 904 914 923 926 938 955 960 972 975 990
28185.577 11 15 18 19 23 28 36 50 51 57 59 60 63 72 83 89 100 114 124 127 147 170 174 215 222 228 244 255 258 262 270 277 279 286 299 308 315 318 320 322 330 332 339 340 354 370 390 404 407 423 427 432 435 438 451 453 463 474 476 503 517 522 526 537 538 541 550 568 609 610 613 615 625 636 637 639 643 648 650 653 661 666 704 709 713 714 715 730 731 740 746 758 768 794 805 806 822 832 850 852 856 857 865 870 877 898 907 925 926 933 936 940 951 952 953 958 959 966 982
7202.622 20 35 69 127 169 177 178 196 242 268 314 337 380 391 446 451 534 617 652 695 698 744 775 798 857 871 953 957 975
6754.329 3 52 103 110 152 278 297 301 319 366 474 495 531 577 607 646 650 706 750 752 798 844 849 880 921 922 924 929 961 986
25277.264 7 14 24 38 39 58 59 67 71 106 122 123 128 133 147 163 165 178 181 183 186 188 194 220 230 243 257 258 263 279 284 310 316 335 338 341 343 361 400 405 418 429 432 434 463 472 476 479 482 513 527 533 535 558 559 578 610 620 622 645 648 659 667 675 679 686 688 695 696 699 702 716 717 722 729 730 731 745 749 753 754 761 778 789 796 806 808 845 849 856 872 879 893 894 897 946 952 968 982 985 989 993 994 997
37628.055 4 21 30 52 53 61 78 85 91 103 105 111 121 122 124 129 131 148 161 163 170 171 172 187 189 190 200 215 216 220 229 233 235 242 244 247 249 252 255 259 263 266 270 280 281 293 294 304 306 310 315 316 318 319 320 323 340 352 354 358 370 375 379 380 383 386 401 402 404 430 434 441 456 472 477 482 501 513 522 527 528 530 533 538 539 540 548 558 559 561 571 589 590 593 609 613 614 618 621 630 646 659 663 665 668 669 673 675 681 686 693 702 703 708 716 720 731 733 739 741 742 743 754 756 760 762 775 779 781 788 797 807 816 821 830 832 837 840 841 843 851 859 875 896 901 902 906 918 920 921 922 933 942 951 960 964 965 969 981 993 996
43743.126 8 16 21 22 23 25 27 28 33 40 42 43 52 65 71 73 74 78 88 93 99 101 111 112 119 120 123 132 133 135 138 152 155 162 169 170 174 184 189 190 197 205 213 222 228 229 235 239 246 252 254 280 297 304 307 316 319 320 323 324 329 331 334 337 348 352 354 361 367 373 399 400 404 407 412 415 418 420 423 429 442 454 458 459 460 462 464 465 470 474 477 480 483 484 485 492 494 516 521 529 537 548 549 552 556 559 563 567 570 574 575 584 585 589 595 597 612 624 637 641 647 649 650 655 668 673 675 677 681 683 687 696 712 714 719 727 736 741 746 750 765 767 769 776 787 791 793 804 810 812 813 841 842 846 847 848 850 857 861 864 869 870 873 880 881 883 886 887 888 890 897 899 913 914 916 921 927 931 942 945 949 962 979 982 986 991 997
23827.550 4 19 21 30 47 66 68 83 84 88 110 114 116 119 122 129 132 146 151 158 160 164 189 203 204 221 225 229 247 274 287 292 317 352 361 370 373 379 406 409 437 446 453 456 461 462 476 491 493 502 507 515 520 523 539 540 561 573 596 603 604 607 612 614 645 659 682 693 694 701 706 714 720 751 762 779 807 820 823 824 828 875 897 923 927 946 965 974 979 987 991
42490.938 2 3 15 36 38 47 56 58 62 65 66 67 68 69 73 78 81 91 93 95 102 110 111 113 116 119 126 134 139 141 152 158 159 167 169 174 180 205 222 232 236 252 258 261 266 269 270 289 290 300 302 313 314 316 326 327 328 341 342 345 354 360 367 368 375 386 387 391 394 398 405 419 430 431 433 434 438 439 455 477 481 489 493 494 498 513 522 531 543 551 557 559 563 564 577 578 584 589 602 612 623 624 647 653 654 657 675 676 677 679 690 694 696 699 713 715 718 720 723 731 738 748 750 765 771 778 780 792 798 801 803 809 810 818 819 822 827 835 836 837 838 842 867 872 878 895 905 906 907 908 914 931 932 942 944 946 947 950 952 961 965 970 974 983 990 994 996
29201.642 3 6 24 31 32 34 47 52 59 60 65 108 118 120 125 139 155 158 166 183 212 226 232 247 253 256 259 260 264 299 332 342 345 347 349 361 378 383 401 408 410 411 425 432 442 449 450 463 475 480 488 495 501 514 526 530 535 550 553 560 562 570 572 592 603 610 617 631 638 641 642 649 657 666 678 702 710 724 741 743 748 753 762 780 788 793 819 824 829 836 840 846 850 852 854 880 881 896 906 907 909 939 942 963 964 968 984 985 991 994
44198.346 2 9 12 14 17 19 21 22 23 24 26 30 36 41 45 47 49 54 69 72 84 87 97 102 110 114 120 127 131 132 133 135 143 144 145 149 151 152 171 180 187 188 192 195 208 222 227 228 237 242 250 256 263 283 295 296 304 305 326 333 335 350 365 370 372 376 382 390 404 408 409 420 422 423 442 445 448 451 457 459 460 473 475 477 482 483 484 491 492 497 502 503 504 521 524 526 532 533 544 546 547 549 556 560 571 580 582 591 595 607 619 620 624 629 638 651 653 660 669 672 675 676 679 682 695 697 699 710 717 720 721 731 744 748 749 755 765 773 774 776 780 787 792 824 832 860 862 871 875 876 894 895 898 899 900 901 902 904 910 916 919 926 937 942 948 949 958 960 971 978 979 981 983 985 986 990 994
28455.509 3 28 35 38 52 63 67 123 133 137 149 151 162 165 173 175 180 211 216 225 231 233 239 248 263 277 279 304 307 311 316 317 318 319 336 337 347 372 373 379 380 402 405 406 409 412 429 435 436 440 456 482 494 503 504 515 521 522 529 530 536 550 572 580 590 602 610 617 631 648 649 664 668 678 684 689 690 700 703 711 723 739 742 750 761 766 786 793 811 812 813 826 827 833 847 848 854 869 870 889 893 905 916 925 926 927 928 930 938 943 950 954 957 962 972 974 975 986 995 998
27387.544 5 46 55 58 66 70 77 78 85 86 88 100 103 106 111 117 124 130 133 144 145 175 203 215 223 250 278 280 323 324 328 359 368 370 376 391 397 410 421 434 437 441 458 470 482 502 507 514 517 526 531 552 557 559 580 585 599 604 624 625 626 629 637 641 651 654 666 669 671 677 680 681 683 687 695 724 728 732 735 740 741 773 777 781 782 786 793 813 815 827 837 868 870 884 924 925 932 935 953 954 972 974 975 994 1000
35050.574 8 21 24 30 36 44 57 59 61 63 65 74 75 80 89 91 94 102 113 120 132 133 142 148 153 154 162 166 170 177 182 193 195 196 210 215 226 228 230 231 233 238 252 268 281 288 293 300 302 306 307 308 321 325 328 332 336 339 340 368 371 373 374 375 378 390 403 411 412 429 432 437 438 459 462 473 474 475 477 479 490 492 501 510 528 529 539 543 563 566 586 592 597 598 600 609 621 626 637 646 654 656 663 665 673 683 687 701 704 711 713 721 722 724 735 739 742 750 752 765 766 784 787 788 792 794 807 824 827 831 835 838 840 842 844 849 854 878 879 888 890 897 900 901 907 929 935 943 946 947 957 982 987 989
49970.834 2 4 6 7 9 16 19 31 33 34 36 39 48 51 53 55 56 61 74 79 83 84 90 92 100 105 109 111 121 122 128 129 137 139 143 145 154 156 162 173 185 197 198 204 220 221 224 227 229 230 232 233 236 239 242 251 255 262 274 279 282 284 285 288 289 292 303 313 316 319 326 336 346 348 360 361 370 373 377 382 387 390 392 394 402 403 406 411 413 417 430 434 435 447 452 454 455 456 459 460 464 469 470 479 498 500 509 510 520 529 530 532 533 544 547 548 553 554 566 567 571 574 583 586 592 595 603 604 616 624 625 627 630 646 662 670 672 673 677 690 700 711 714 716 721 726 728 733 748 756 769 770 771 784 797 798 799 803 805 809 817 822 826 838 845 859 867 885 887 893 903 906 910 920 927 929 933 945 959 969 970 971 976 977 984 994 997 999
16754.010 5 8 9 21 64 79 95 134 145 165 182 192 204 212 228 240 290 291 302 352 358 367 373 386 398 416 423 425 431 433 451 460 465 490 495 498 529 533 561 582 599 609 625 633 636 642 654 728 734 744 749 768 788 820 827 832 834 869 876 884 900 931 936 939 961 963 974 979 989 992 993
11428.462 23 25 27 35 42 58 67 154 155 216 228 235 238 245 268 338 378 380 382 389 403 404 432 435 439 462 466 482 496 500 528 593 623 636 683 740 741 772 792 797 807 819 820 876 904 930 946 957 970
47162.997 25 26 34 41 47 62 74 77 87 90 98 108 113 114 126 128 137 141 151 155 158 177 180 183 196 197 199 201 203 210 220 227 228 230 233 235 241 257 260 265 274 277 285 286 290 295 307 320 323 332 336 337 354 364 365 369 371 391 399 405 416 421 431 432 433 443 446 449 452 453 459 460 462 464 466 474 475 477 480 484 486 490 493 494 505 509 516 519 522 525 526 527 529 534 535 538 544 552 556 557 558 575 584 591 594 596 600 609 618 619 621 641 643 646 659 663 664 665 670 672 684 686 688 691 703 704 715 719 720 722 723 728 730 733 744 756 761 768 781 782 786 801 802 804 808 812 814 815 819 828 836 839 845 846 848 853 855 856 862 882 883 895 907 909 915 916 920 924 927 928 930 931 932 936 938 940 941 944 958 966 968 971 974 975 984 988 995 999
42262.920 2 8 13 17 29 35 36 37 39 41 46 49 55 56 64 84 85 94 101 102 103 104 115 126 128 140 146 152 153 158 162 174 185 195 240 241 250 265 271 283 285 295 312 327 328 331 336 340 346 347 358 362 363 365 367 369 372 374 375 376 381 386 402 407 410 416 420 422 430 438 441 463 478 483 484 492 494 495 504 508 510 511 512 516 531 536 538 543 547 557 564 568 580 588 590 615 621 626 632 639 643 646 649 654 660 661 662 663 670 674 675 676 690 696 703 704 710 711 716 723 735 740 744 751 752 761 765 775 779 784 799 805 807 814 817 828 831 834 847 855 860 861 862 878 892 899 902 906 921 924 926 930 931 940 944 954 955 957 962 964 975 979 980 987 990 992
21183.022 4 47 55 67 73 74 75 96 106 115 117 131 150 170 177 181 188 198 227 254 255 262 268 274 301 307 313 339 340 364 367 368 373 393 396 401 412 459 466 472 485 500 524 530 546 559 616 632 646 655 660 665 676 678 679 683 686 688 691 699 719 720 739 758 790 832 835 836 842 867 873 878 905 942 959 972 976 978 993
15068.825 10 22 32 35 49 65 107 109 119 121 149 157 179 188 193 213 221 225 229 233 248 301 308 313 325 351 355 359 383 393 445 448 450 458 474 475 509 520 528 532 538 541 553 558 568 595 615 629 681 682 702 729 735 749 753 759 765 802 821 822 829 831 835 837 856 879 883 891 916 943 969
16767.022 10 18 36 53 59 73 78 83 95 126 132 140 142 169 182 217 261 262 268 281 301 302 340 349 377 419 429 432 439 468 482 501 530 542 561 596 602 636 642 659 670 698 699 709 742 750 773 780 781 786 793 823 824 838 840 866 868 873 887 922 931 938 958 961 967 971
9451.588 14 41 120 169 286 340 410 438 453 458 509 540 575 606 619 627 629 677 721 731 734 761 786 796 802 806 824 854 879 899 900 922 941 961 986 993
30250.467 5 6 23 26 29 39 42 49 59 60 68 88 94 97 98 107 108 115 119 123 124 135 145 157 160 188 204 210 218 221 237 242 245 250 257 260 263 280 282 284 293 297 308 334 337 371 381 391 394 399 407 408 411 412 420 428 432 438 440 448 450 459 465 490 491 494 496 503 507 518 569 573 575 584 593 594 601 604 624 629 637 641 653 672 676 686 704 706 713 742 744 749 756 768 772 775 780 787 796 806 818 826 829 833 836 839 840 874 881 887 889 899 906 907 920 927 930 936 941 948 949 965 966 969 989 993
13790.527 3 24 27 47 59 134 163 177 180 185 206 238 249 254 258 262 264 301 312 320 372 382 389 393 413 422 424 434 466 470 497 516 520 525 590 592 659 670 705 730 749 757 768 771 848 905 908 921 936 957 961 981 988 997
41827.434 2 5 9 12 13 24 30 33 45 54 65 74 78 85 89 91 120 129 130 155 162 176 178 181 183 194 204 213 227 228 231 234 237 242 247 251 257 259 264 271 289 300 318 320 328 335 341 342 354 360 362 366 369 370 379 380 393 401 408 418 420 423 430 434 437 438 444 446 459 462 479 486 487 490 492 496 497 505 509 510 511 518 521 523 529 532 534 540 556 563 564 570 578 580 581 585 589 593 597 605 612 613 625 632 633 643 645 651 659 660 661 668 675 689 700 718 721 732 738 747 755 756 759 771 772 778 781 794 797 801 803 808 820 822 830 839 845 848 849 857 862 871 874 875 876 892 918 920 925 943 955 959 960 966 967 974 979 983 984 985 986 987
37669.397 7 11 24 35 38 53 76 98 113 130 132 137 141 149 163 164 169 175 176 186 191 198 209 211 217 220 224 235 266 283 284 287 292 314 331 334 336 339 343 361 370 374 413 416 423 435 438 439 446 454 462 478 483 484 486 489 497 498 506 521 536 539 541 542 545 548 575 580 587 600 610 617 619 623 625 630 636 656 658 662 670 675 690 694 699 701 704 727 728 735 737 750 762 765 774 798 799 804 810 820 822 825 833 838 848 852 853 868 872 873 894 895 900 912 924 925 939 940 946 948 949 950 956 965 974 980 983 989 991 992 998
39291.682 6 9 19 35 37 67 83 87 92 97 106 108 111 114 119 121 122 125 129 133 137 139 143 147 153 156 160 162 171 173 184 199 201 202 206 208 214 218 227 240 241 243 249 254 258 264 266 270 276 279 280 294 297 299 313 323 325 326 330 332 337 344 348 356 359 367 374 379 382 383 386 391 405 413 432 442 446 452 468 471 486 487 495 500 511 522 524 528 532 542 544 550 554 558 568 577 586 588 589 597 604 608 613 616 624 626 634 650 653 657 661 672 674 688 694 708 721 722 731 739 742 748 749 750 763 771 779 784 792 797 799 804 809 815 823 844 855 856 857 866 870 872 880 886 887 916 927 935 944 948 965 969 974 988 993 994
18242.540 7 17 24 28 68 72 105 130 131 136 141 152 156 207 219 227 229 279 286 335 349 356 361 370 378 379 392 402 403 406 413 425 431 433 436 448 454 482 522 531 532 541 549 594 605 612 618 621 668 679 692 734 747 749 765 826 827 842 843 861 878 881 907 925 929 949 951 953 960 992
38813.332 9 10 16 20 36 37 47 48 49 53 61 89 90 91 101 105 116 118 130 131 132 138 155 162 163 174 176 184 188 189 193 197 200 211 214 216 220 252 267 268 273 276 280 285 288 296 299 304 315 316 334 337 349 361 364 365 368 370 379 384 385 392 396 398 424 425 434 439 462 463 465 468 474 482 483 495 502 504 505 528 533 537 539 540 541 545 546 547 551 558 560 574 578 579 582 583 584 587 594 604 611 613 633 669 680 681 688 691 704 706 727 731 735 746 753 758 763 774 775 796 798 799 800 812 821 824 829 845 849 856 857 867 880 895 896 903 906 911 914 916 918 921 927 930 955 956 969 971 982 986 987 990 994
8713.914 4 93 114 140 148 158 179 200 209 258 335 348 408 416 421 422 448 494 516 519 523 533 563 575 622 637 661 724 784 803 806 811 848 866 901 915
26163.315 1 6 13 34 38 41 49 52 77 86 87 109 125 126 147 168 170 190 192 197 205 219 220 221 227 230 233 237 240 245 281 282 291 311 313 321 336 341 359 371 372 385 394 404 405 408 425 438 463 471 482 499 500 505 517 520 531 548 555 561 570 582 603 604 611 616 618 635 641 654 657 665 682 691 693 697 699 701 706 710 715 729 733 744 756 757 763 794 811 812 815 817 831 842 843 861 876 884 890 912 915 927 928 962 965 970 973 999 1000
12128.418 13 33 51 71 72 95 114 120 130 132 151 164 223 240 256 271 272 364 370 415 450 451 502 539 546 556 567 568 648 670 751 769 785 808 809 812 821 824 848 860 877 930 949 968 983 986
20016.595 32 65 68 96 151 167 184 185 228 239 258 266 278 283 298 321 407 409 412 416 441 466 497 498 512 517 526 530 532 543 548 581 591 594 607 636 672 679 689 697 704 714 715 718 724 754 772 802 805 809 822 863 874 890 891 922 924 927 932 955 961 962 964 987 994
22951.386 2 5 15 38 46 73 82 84 118 140 142 148 160 167 172 198 205 209 231 233 239 244 245 247 249 274 295 303 306 315 321 352 355 364 365 379 380 381 389 400 437 451 461 487 491 494 512 525 532 533 542 547 588 612 621 625 643 647 650 662 663 689 708 714 727 775 788 791 792 793 794 818 832 833 841 844 859 872 895 898 902 952 965 967 980 996 1000
42345.851 3 12 18 23 27 29 32 39 40 47 53 60 66 69 70 78 81 101 102 104 105 107 117 128 130 142 143 149 153 162 189 190 199 205 209 212 218 220 223 233 247 248 250 259 268 274 296 302 305 322 335 340 345 354 362 363 366 375 379 389 391 393 397 401 404 406 408 421 423 424 434 451 471 477 481 485 490 494 502 503 507 515 520 523 526 531 542 551 554 558 568 584 586 600 606 607 610 629 631 640 647 652 655 657 659 671 675 680 683 694 701 702 703 707 708 709 712 719 724 726 729 732 743 747 753 765 778 804 807 813 824 831 841 844 848 857 882 885 889 896 911 913 916 922 949 950 955 956 959 963 977 985
31290.902 32 33 55 61 68 75 77 81 91 99 108 118 125 134 141 162 165 173 192 199 214 217 219 233 243 246 254 271 272 280 348 352 359 370 381 383 391 410 422 425 426 432 435 445 448 457 464 486 491 493 498 522 530 531 543 552 558 561 564 571 574 602 606 622 627 631 634 635 640 643 655 667 670 680 686 688 689 711 712 713 715 721 734 745 754 757 758 772 773 791 804 807 810 822 844 851 852 853 868 871 886 898 908 913 919 928 936 947 967 968 977 990 991
22770.479 1 4 8 22 30 35 38 60 74 77 95 111 112 121 172 177 186 202 212 220 222 254 269 289 292 317 318 325 327 333 344 354 355 361 373 397 437 439 441 446 453 464 467 477 479 482 488 490 503 510 534 540 543 578 588 628 638 639 641 645 653 684 711 712 740 755 778 782 826 827 848 855 857 879 883 899 902 909 919 941 947 954 961 974 978 993
18070.756 11 16 20 24 28 43 50 64 75 76 88 91 98 99 106 113 192 200 209 220 228 244 247 251 280 303 334 359 369 370 392 402 435 436 454 457 472 473 475 485 487 513 518 522 544 572 597 600 608 614 616 618 650 656 674 677 697 729 732 739 747 760 766 799 801 811 825 834 841 842 843 856 860 879 882 906 915 923 943 971 972 973 975 979 984 998
10681.050 2 56 84 115 124 129 173 188 212 234 237 274 285 304 311 380 457 464 482 568 570 604 616 631 641 673 690 709 824 839 860 873 874 939 943 980
46048.575 5 9 10 21 26 32 34 38 39 57 58 64 68 70 74 91 101 102 104 110 113 116 122 124 129 134 137 139 140 147 152 154 163 164 168 180 189 201 204 213 215 217 219 224 229 232 234 235 241 243 244 255 267 269 273 300 304 307 315 319 321 323 327 331 333 342 343 344 345 354 355 363 364 367 370 371 394 397 406 413 416 426 428 431 444 453 462 463 466 467 469 485 494 511 515 519 525 529 533 538 559 566 568 569 570 574 578 582 585 588 597 602 606 607 611 616 623 630 640 643 644 647 657 659 665 666 669 677 682 700 701 712 724 729 733 734 737 739 741 754 757 760 764 778 790 797 805 806 808 813 814 815 822 824 826 831 832 840 844 846 856 860 862 864 865 881 882 888 894 896 900 905 906 908 909 914 917 923 928 929 933 936 937 938 941 947 955 956 963 976 981 982 989
24610.463 9 10 14 39 42 49 55 85 147 155 169 170 196 219 228 239 243 250 251 254 255 264 281 289 295 299 300 306 309 323 324 334 338 340 342 359 376 386 393 402 409 410 435 439 447 449 463 464 470 471 473 491 508 518 559 579 580 592 624 630 646 655 677 744 757 777 805 808 809 821 825 830 833 856 863 879 896 913 920 941 985 989 991 994
20824.414 14 17 22 28 31 39 56 69 84 92 111 128 136 145 171 196 198 204 206 251 258 261 266 287 289 292 297 299 317 332 369 383 393 400 412 431 444 449 453 457 472 487 508 510 525 530 532 539 549 558 559 566 568 583 589 592 598 601 624 625 629 643 647 666 691 696 737 745 751 761 768 781 800 812 824 834 843 864 865 876 883 919 922 924 925 927 957 966 986 992
14722.189 1 30 37 46 92 115 119 141 146 151 209 219 251 290 296 301 307 311 312 330 343 352 361 394 403 405 423 425 436 474 482 493 501 503 524 538 562 579 586 601 606 615 622 630 658 659 685 704 710 727 728 738 740 764 788 809 821 875 877 884 913 942
40938.325 2 5 8 10 12 13 22 26 29 30 32 33 34 53 54 58 70 76 78 90 97 100 101 102 104 109 118 126 134 140 153 169 176 184 187 188 192 197 203 204 207 208 214 219 223 225 229 230 239 245 257 259 299 311 318 327 337 344 352 365 367 371 373 374 380 384 386 389 392 394 396 399 402 408 409 411 414 434 458 472 473 482 495 496 512 513 515 517 520 528 530 532 535 557 572 573 576 583 592 604 605 615 619 625 626 627 643 652 657 660 678 685 693 701 704 710 748 781 784 787 788 792 803 805 806 807 810 813 815 817 820 825 826 827 828 831 848 850 858 862 869 871 878 882 887 889 890 908 910 914 917 925 931 932 941 942 943 944 945 952 957 961 971 975 985 993 998
40187.469 13 15 17 22 26 38 42 54 57 64 66 73 77 83 88 91 95 98 99 107 110 113 116 123 146 153 172 173 176 200 212 214 217 218 219 220 244 252 262 264 267 272 273 275 276 280 282 289 302 307 309 318 319 328 341 352 362 365 368 369 373 376 386 395 397 406 407 423 427 429 441 443 448 455 460 461 462 464 489 492 494 496 497 513 514 516 521 535 552 556 571 579 583 584 602 612 614 619 627 632 634 640 642 646 647 657 660 662 666 670 672 677 683 687 691 696 699 700 702 709 728 734 740 742 753 767 786 789 796 816 822 836 843 846 848 859 865 873 874 876 883 885 896 897 912 918 924 948 953 960 962 968 970 978 988
29139.934 8 38 41 44 48 56 58 61 67 74 81 83 87 92 103 105 107 114 117 126 140 176 184 185 189 190 199 203 207 213 214 216 224 230 239 244 249 261 271 278 284 302 311 320 336 346 359 369 371 379 381 382 384 385 395 401 403 407 411 414 419 438 444 446 452 455 470 480 483 484 493 495 506 511 517 540 560 568 583 584 603 631 633 647 654 658 662 666 676 680 699 705 708 713 727 733 735 736 737 746 748 749 775 784 785 809 822 830 831 833 838 841 845 854 864 876 880 882 890 891 900 907 919 922 940 947 958 962 967 972 973 981 986 991 992 993
7173.392 5 18 54 94 203 229 309 327 401 409 470 474 481 490 532 561 607 620 646 684 759 770 797 840 947 954
31846.015 6 28 42 43 52 66 67 78 84 87 88 98 106 116 120 140 165 168 171 180 188 209 218 221 225 230 238 244 248 251 253 257 266 271 275 277 289 297 304 312 314 315 322 327 331 335 345 347 352 359 361 366 368 372 374 378 381 386 388 392 399 402 408 412 431 441 445 460 461 464 468 481 489 492 497 501 514 534 536 542 551 591 593 607 610 612 619 627 631 635 668 673 680 691 698 707 708 714 717 725 726 739 747 756 762 765 769 776 781 784 789 791 800 811 815 818 836 837 849 858 862 876 880 884 887 899 915 916 931 934 938 941 942 953 958 964 968 990 993 1000
26135.536 4 24 43 70 76 91 95 104 114 115 137 169 170 171 173 208 231 233 237 261 269 274 283 285 315 318 341 352 354 365 372 376 388 406 421 425 430 432 436 445 460 469 476 490 491 496 501 504 520 532 558 560 565 572 586 589 590 618 636 638 639 647 652 658 659 661 666 669 679 682 686 689 692 722 732 734 736 751 755 770 778 782 787 795 812 823 826 839 840 843 861 867 871 874 881 885 887 899 904 906 913 923 935 944 949 970 971 973 975 995
20111.071 1 5 20 21 30 40 45 58 63 66 71 93 97 98 113 116 127 128 132 137 157 158 167 200 212 230 243 250 262 268 271 284 319 331 333 353 359 411 417 426 432 444 496 509 553 558 563 577 582 584 608 615 625 653 662 668 682 687 693 702 710 711 722 728 752 758 765 781 805 806 814 826 829 839 854 857 861 877 888 905 924 925 927 929 931 938 952 973 980
41180.529 14 23 26 27 34 39 62 63 65 69 74 96 103 104 106 110 115 117 119 142 144 146 151 165 176 179 185 190 203 205 208 223 229 234 238 240 244 246 252 254 260 263 265 266 275 280 309 311 314 318 319 320 327 346 350 355 365 370 395 398 400 412 430 440 443 448 450 452 453 460 478 492 504 516 524 530 548 553 567 571 572 574 581 582 595 598 606 614 615 621 627 634 636 642 644 647 665 670 673 684 690 704 708 710 717 718 721 732 738 747 749 753 763 773 775 785 789 793 801 824 830 849 850 856 857 864 868 873 885 912 913 925 926 928 930 942 946 960 962 966 970 973 975 984 986 991 993
25935.482 6 7 21 22 33 40 43 45 60 62 80 85 91 99 101 105 113 127 130 138 139 144 150 176 179 181 188 191 193 200 216 228 271 282 286 300 319 321 329 335 385 400 413 419 420 438 454 477 509 510 521 560 569 570 587 592 598 600 606 614 641 656 668 673 677 680 684 687 701 713 717 718 725 727 730 733 737 756 759 776 782 800 819 838 840 846 856 858 879 884 885 894 903 906 934 942 956 968 969 988 990 991
15193.520 30 37 44 56 67 80 88 110 116 121 144 151 203 215 219 232 252 271 272 294 302 328 337 366 372 375 439 450 486 494 504 518 548 555 566 580 589 591 701 844 888 893 910 916 953 971 975 993 997 999
7395.778 3 8 41 200 229 238 245 257 272 276 280 309 335 352 410 473 538 545 593 603 622 637 679 702 710 726 752 806 855 922 942
38361.798 7 9 13 36 44 49 51 53 67 70 82 84 88 96 100 101 104 106 118 122 128 129 130 136 140 141 144 162 174 198 199 201 204 205 210 218 239 245 254 257 258 265 266 272 276 277 283 286 300 302 304 312 324 332 349 350 353 355 356 362 367 372 384 385 394 401 406 414 422 426 436 471 472 480 485 494 507 508 510 515 517 519 534 546 547 553 574 577 584 585 589 591 596 600 602 615 616 624 629 630 634 647 651 660 666 667 669 671 677 678 679 682 686 690 698 705 717 720 733 740 760 763 765 768 769 776 777 788 798 803 805 816 818 831 837 844 855 861 866 867 873 874 880 885 887 888 889 893 897 901 909 916 923 926 940 947 954 956 960 962 964 966 982 984 986 988 999
28873.943 2 6 10 11 24 33 43 50 51 52 53 58 63 69 72 73 82 85 96 106 109 110 112 114 119 135 152 157 163 170 171 175 186 190 201 202 227 241 244 249 251 252 257 262 280 287 292 300 341 346 347 356 364 366 375 393 421 434 438 446 450 456 464 469 477 495 500 506 510 513 514 518 529 533 546 555 560 574 575 584 585 586 599 627 631 648 666 705 712 714 716 720 728 729 766 768 774 784 789 801 806 811 820 826 836 839 840 887 896 897 912 916 922 929 939 943 952 957 961 967 993 995 998 1000
30443.855 4 5 10 11 12 13 21 22 29 32 40 56 77 89 94 95 117 120 142 183 187 188 211 226 231 269 272 285 289 299 300 302 312 315 322 323 342 347 352 353 359 367 368 369 372 374 380 419 422 436 444 446 448 464 468 477 479 480 495 498 499 531 538 545 578 583 591 603 621 624 643 650 652 653 656 663 667 669 694 696 697 706 708 722 729 730 780 784 788 794 795 808 812 815 816 817 854 859 875 889 890 894 896 911 913 919 924 929 935 955 959 975 977 998
42764.214 15 25 49 54 69 76 81 93 95 97 98 106 107 110 111 115 120 134 145 146 148 150 156 165 178 181 188 189 194 197 207 212 214 221 224 226 233 246 254 260 264 275 276 284 285 303 307 311 312 318 320 322 329 338 344 354 369 372 379 381 384 387 396 399 401 404 405 410 411 416 424 428 436 439 446 449 450 453 456 465 469 475 478 487 491 492 493 499 502 503 509 510 521 523 538 544 553 554 556 559 561 583 588 593 599 611 613 617 622 633 636 644 646 651 652 667 669 672 679 684 694 695 699 703 704 705 716 718 739 744 745 752 756 762 773 774 781 782 784 804 808 809 816 818 827 829 831 834 840 841 861 868 870 878 899 902 908 909 910 914 915 919 921 928 929 930 931 934 936 950 954 960 962 964 966 967 992 995
26602.256 1 10 19 29 41 51 65 79 83 106 110 111 114 115 160 164 168 174 183 187 204 207 217 225 241 242 246 254 266 269 282 283 286 288 307 321 323 332 338 340 356 360 369 375 396 399 413 421 427 448 456 482 485 491 496 505 519 525 537 539 541 550 582 609 614 626 659 669 672 696 706 708 712 726 749 755 764 769 780 782 784 806 822 826 832 834 837 854 857 858 871 891 893 905 906 932 937 942 947 952 962 983 986 999 1000
43482.842 8 10 20 27 32 38 45 52 62 76 79 88 95 97 117 128 130 131 135 151 154 157 158 161 169 171 177 180 194 200 202 206 209 218 233 237 253 258 271 277 281 286 292 295 298 300 306 310 311 335 341 348 350 358 366 369 373 377 393 402 420 421 426 427 434 437 439 444 445 452 458 462 479 482 485 493 494 496 502 508 517 522 527 528 538 543 547 550 554 561 567 568 569 575 577 585 593 595 608 611 621 625 627 630 641 644 650 652 654 656 659 668 676 678 695 698 704 706 708 712 721 725 726 728 743 745 747 757 758 768 780 782 785 787 792 793 797 798 807 809 815 823 825 828 829 832 833 834 843 845 847 855 861 868 877 878 881 882 884 895 898 909 919 925 926 940 947 949 953 957 963 964 968 970 973 976 978 979 987 992 995 997
45167.239 5 7 14 16 20 26 28 33 41 49 51 54 59 75 80 85 93 98 99 104 107 111 113 121 126 137 139 143 146 147 148 151 167 172 175 181 182 185 186 187 189 200 204 205 212 225 232 234 236 237 245 246 251 254 256 262 267 273 274 280 291 297 301 310 318 322 327 332 334 347 353 355 356 358 359 366 367 380 382 398 402 420 423 426 432 434 444 453 454 472 475 478 482 489 492 497 498 501 506 507 509 518 525 530 532 534 543 546 557 558 576 578 585 591 595 597 598 602 605 617 621 626 627 629 637 639 640 643 645 646 647 649 653 662 663 670 671 673 674 676 678 690 698 700 721 726 728 746 747 750 755 759 763 766 773 778 779 780 786 801 802 807 818 824 838 839 849 860 864 871 876 878 880 885 892 894 897 898 907 911 917 920 921 935 936 946 948 952 956 968 969 970 980 982
42261.355 12 14 17 20 21 26 38 45 54 68 75 76 78 80 90 91 98 100 109 117 122 127 133 141 144 148 154 156 160 163 167 168 172 173 178 181 182 183 184 185 186 195 200 220 223 226 227 231 242 244 246 252 260 262 265 267 269 275 286 288 291 296 306 312 315 317 319 322 324 328 334 343 351 360 361 365 385 388 397 398 400 401 413 415 417 418 423 431 432 439 454 474 477 480 483 484 493 500 502 504 507 510 514 516 547 552 554 565 570 573 579 584 603 604 609 615 617 622 634 644 654 671 672 681 693 695 711 715 718 736 739 743 744 745 746 753 763 778 794 806 813 817 818 821 823 826 829 833 836 846 849 864 867 875 893 894 896 902 904 911 915 921 922 923 927 937 945 946 948 956 960 964 969 972 1000
27251.097 10 25 27 31 33 41 49 54 59 60 73 74 76 90 109 111 133 138 148 151 172 177 196 204 217 218 222 225 229 232 234 238 245 249 254 259 264 277 287 292 295 299 302 325 339 353 363 373 390 395 416 431 434 436 445 447 454 467 485 486 491 493 506 511 517 519 527 535 545 555 567 568 572 590 607 632 637 659 684 686 708 725 737 738 753 770 777 791 799 802 804 805 808 814 818 845 856 857 874 877 880 885 886 887 909 910 925 939 959 960 970 978 999
13904.386 30 58 59 72 84 118 122 123 140 159 184 186 200 201 210 230 264 267 288 293 307 318 366 367 372 415 435 446 463 501 506 530 566 575 595 611 629 639 644 653 670 701 713 717 743 776 796 811 819 829 838 896 899 915 926 936 937 938 950 954 975 989
42390.806 13 14 30 32 35 36 45 47 50 55 56 60 63 69 79 87 88 89 95 101 107 109 112 114 116 120 135 136 139 142 150 152 153 154 162 164 167 177 178 182 183 191 204 206 207 209 218 220 224 233 240 243 244 247 249 256 259 260 262 264 271 272 274 283 287 292 297 301 310 311 312 316 324 337 339 355 359 360 365 374 386 391 402 404 409 413 418 419 420 426 428 432 442 443 449 451 452 466 467 477 484 486 493 494 498 527 530 535 545 559 569 575 579 580 584 591 601 607 611 617 618 622 623 628 633 637 647 654 665 678 688 698 705 716 725 726 727 740 745 751 758 766 778 796 801 802 810 811 825 831 839 846 850 852 871 875 879 883 902 908 909 910 911 952 962 966 967 972 973 975 977 999
41072.857 9 10 13 25 28 35 40 47 48 51 66 68 69 70 77 82 85 89 90 94 98 99 101 102 110 118 121 132 137 140 149 155 160 163 166 174 177 180 182 186 190 192 200 210 212 213 269 276 279 280 287 292 302 305 306 321 330 334 336 354 376 379 389 391 397 405 406 417 441 442 448 453 456 459 460 461 462 474 477 482 486 495 496 501 504 505 506 508 522 531 533 541 543 544 555 557 558 562 564 565 569 571 581 583 586 598 610 624 626 636 637 640 659 660 664 671 693 694 703 705 712 717 723 730 734 739 742 747 748 756 759 763 779 784 791 807 812 824 826 833 846 847 850 852 856 865 870 872 873 878 882 883 895 906 912 917 918 922 941 944 954 962 986 988 990 991
46455.259 8 10 17 22 28 30 34 42 43 48 59 62 78 88 89 94 101 109 110 112 113 118 122 123 132 133 139 140 141 148 153 154 157 181 184 195 202 204 217 227 233 234 241 262 264 272 277 288 289 294 296 304 306 313 316 317 320 322 323 325 337 361 369 380 382 386 390 394 395 400 401 403 414 417 424 427 430 435 443 449 460 464 465 466 467 471 484 497 499 502 507 509 512 513 514 520 532 533 551 555 566 568 573 576 578 584 589 592 605 607 612 618 623 634 646 650 663 664 672 676 679 684 685 686 690 691 696 697 700 705 717 721 728 730 746 752 773 782 788 789 791 792 794 802 805 808 814 819 821 835 837 838 839 845 851 867 879 880 885 886 887 888 895 900 901 902 909 915 919 931 932 935 938 946 948 952 957 959 963 970 975 977 979 980 985 996 999
13970.926 4 65 104 118 139 153 162 224 231 250 269 294 320 355 369 370 403 407 433 464 470 522 525 545 586 588 623 625 637 674 695 718 725 736 797 801 812 837 880 884 894 895 924 937 940 942 974 979 998
42693.727 5 9 15 17 21 22 23 27 28 31 36 37 46 47 48 52 54 61 66 73 76 78 85 86 87 88 98 109 122 123 128 132 133 134 136 145 158 159 165 179 180 184 186 188 189 193 194 195 203 204 205 210 226 233 235 241 245 248 250 254 263 273 275 284 295 302 303 313 316 321 322 326 327 331 343 345 348 353 357 360 371 373 377 382 386 387 388 394 411 412 420 436 458 487 495 496 498 500 507 520 530 532 550 551 560 570 572 577 584 596 603 605 609 614 620 625 627 640 644 646 648 655 659 671 681 683 690 698 703 711 717 718 733 752 754 755 757 762 763 772 781 789 798 799 801 817 823 829 835 838 845 847 855 859 861 865 871 876 879 885 890 892 893 894 910 916 919 928 937 939 943 955 957 958 959 968 971 978 979 992 999
16330.003 47 59 83 95 138 155 157 180 193 228 233 251 262 263 278 310 362 364 369 376 393 395 401 406 439 443 446 449 463 467 478 508 511 519 543 544 545 573 584 593 627 630 693 703 710 744 752 755 761 767 819 841 882 888 904 919 923 949 961 966 971 976 988 996
5256.234 37 53 56 88 151 214 233 298 337 403 414 421 511 523 532 582 606 660 671 732 778 959
41447.634 9 13 14 26 37 38 45 49 52 56 58 59 61 64 76 84 85 91 96 105 107 125 133 134 137 138 146 178 181 184 186 203 217 218 222 226 228 229 230 235 236 239 241 242 249 256 263 264 269 276 277 278 279 284 291 294 296 299 302 306 312 313 314 320 321 326 328 330 349 351 361 367 368 370 371 373 374 380 381 384 401 404 405 422 431 436 441 446 453 456 463 464 473 483 484 495 506 507 511 512 515 524 527 528 552 565 570 571 572 574 575 579 581 586 593 602 605 610 613 615 619 642 647 654 657 668 671 678 682 692 695 708 710 711 716 717 718 723 735 738 750 753 763 765 768 771 774 801 806 809 812 820 834 844 846 849 868 870 876 889 890 891 895 898 899 900 909 911 913 915 923 925 934 942 947 960 964 965 966 984 988 991 992 993
11831.687 45 79 107 110 132 133 143 165 173 187 194 251 276 278 283 292 315 375 413 434 438 474 496 497 537 558 560 576 602 607 697 772 785 799 804 906 923 925 927 946 951 952 974 976 978 999
49509.620 3 7 11 12 23 31 35 43 49 55 57 61 65 74 75 87 93 95 105 111 124 131 142 146 149 151 155 161 165 168 189 190 197 199 205 206 211 212 213 216 220 223 237 240 255 260 267 275 278 281 283 291 302 307 313 314 315 319 324 343 352 368 370 374 381 390 397 401 413 417 419 420 422 424 430 435 443 449 453 459 469 475 477 485 487 490 501 503 505 509 512 514 522 526 528 537 541 556 557 567 580 583 593 600 601 602 606 630 633 641 642 644 646 652 658 667 678 679 683 684 691 697 699 703 708 710 726 740 743 744 745 746 751 752 756 760 764 774 784 786 792 793 804 805 807 810 811 819 821 823 829 830 832 837 838 844 851 853 855 857 862 864 866 869 874 877 879 882 894 898 900 903 904 907 909 911 913 919 938 944 951 953 958 961 971 972 974 979 985 988 990 992 993 997 1000
36206.173 5 15 20 29 33 34 37 40 41 43 52 53 55 56 69 92 98 101 103 112 113 116 118 136 145 154 162 174 182 200 208 212 223 228 232 233 236 237 239 244 246 251 259 261 262 265 267 270 271 276 277 279 294 296 298 301 335 337 338 343 345 350 355 358 361 378 383 388 389 402 429 439 442 444 448 465 473 484 500 501 514 518 522 532 543 545 546 551 562 565 583 595 605 612 619 628 630 637 642 646 647 657 658 671 677 680 684 689 699 716 719 724 729 730 736 742 745 759 765 768 770 771 788 802 811 823 826 834 852 853 860 868 870 874 881 887 890 893 904 907 912 919 923 924 926 929 931 932 935 950 952 956 974 992
16552.581 23 32 36 39 53 59 87 121 122 135 185 194 195 217 219 238 271 273 280 283 289 311 343 360 379 385 405 429 449 452 457 459 498 506 534 546 559 569 592 610 622 635 638 641 668 674 679 681 685 689 693 713 755 766 776 791 808 810 811 814 822 828 831 843 854 882 905 931 935 956 958 960 991 995
28107.152 6 30 33 39 42 70 80 94 100 101 127 131 142 154 158 161 185 186 199 207 220 223 231 234 242 245 260 261 320 321 322 332 360 368 370 386 387 394 400 401 405 410 415 421 441 442 443 446 448 453 455 463 486 489 491 504 521 532 538 550 559 569 585 587 590 592 610 616 618 620 630 647 672 676 677 684 696 702 714 717 723 738 745 749 766 781 785 807 819 828 830 833 851 853 858 859 863 865 892 924 925 926 930 933 944 955 957 961 976 986
